
# Please make this file available to others
# by sending it to <lirc@bartelmus.de>
#
# this config file was automatically generated
# using lirc-0.9.0(SerialDevice) on Thu Apr 11 17:52:40 2013
#
# contributed by 
#
# brand:                       \\rz-home\ff9315\Desktop\FbLeftSend
# model no. of remote control: 
# devices being controlled by this remote:
#
# Da der Arduino nur die Raw Werte ohne das LIRC File erzeugt hat, habe ich das Raw File von links1raw als Rahmen verwendet.

begin remote

  name  \\rz-home\ff9315\Desktop\FbLeftSend
  flags RAW_CODES|CONST_LENGTH
  eps            30
  aeps          100

  gap          210903

      begin raw_codes
			name TAILRIGHT1
				200 800 200 800 200 350 150 350 200 800 200 300 200 300 200 800 200 800 200 350 150 850 150 850 200 300 200 300 200 300 200 800 200 350 150 350 150 350 200 800 200 800 200 800 200 800 200 350 150
			name TAILRIGHT2
				200 800 200 800 200 300 200 350 150 800 200 350 150 350 150 850 200 800 200 300 200 800 200 800 200 350 150 350 200 300 200 800 200 300 200 300 200 350 150 800 200 850 200 800 200 800 200 350 150
	
			name TAILLEFT1
				200 800 200 850 150 350 200 300 200 800 200 300 200 300 200 800 200 850 150 350 200 800 200 800 200 300 200 300 200 350 150 800 200 350 200 300 200 800 200 350 150 800 200 800 200 350 150 850 200
			name TAILLEFT2
				200 800 200 800 200 350 200 300 200 800 200 300 200 300 200 800 200 800 200 350 150 850 200 800 200 300 200 300 200 350 150 850 150 350 200 300 200 800 200 350 150 800 200 800 200 350 150 850 200

			name CLIMB1
				200 800 200 800 200 350 150 350 150 850 150 350 200 300 200 800 200 800 200 300 200 800 200 800 200 350 150 350 200 300 200 800 200 300 200 800 200 350 150 350 150 850 150 350 200 800 200 800 200
			name CLIMB2
				200 800 200 800 200 350 150 350 150 800 200 350 150 350 150 850 200 800 200 300 200 800 200 800 200 350 150 350 150 350 150 850 200 300 200 800 200 300 200 350 150 800 200 350 150 850 200 800 200
			
			name DIVE1
				250 750 200 800 250 350 150 300 200 750 200 350 200 350 150 800 200 800 200 350 150 800 200 800 200 350 200 300 200 350 150 800 200 800 200 350 150 350 150 350 200 350 150 750 200 850 150 850 200
			name DIVE2
				250 750 250 750 250 300 200 350 150 800 200 300 200 300 200 800 200 800 250 350 150 750 250 800 200 350 150 350 150 350 150 800 200 800 200 350 200 300 200 300 150 350 200 800 200 800 200 800 200

      end raw_codes

end remote
