
# Please make this file available to others
# by sending it to <lirc@bartelmus.de>
#
# this config file was automatically generated
# using lirc-0.9.0(SerialDevice) on Thu Apr 11 17:52:40 2013
#
# contributed by 
#
# brand:                       \\rz-home\ff9315\Desktop\FbLeftSend
# model no. of remote control: 
# devices being controlled by this remote:
#

begin remote

  name  \\rz-home\ff9315\Desktop\FbLeftSend
  flags RAW_CODES|CONST_LENGTH
  eps            30
  aeps          100

  gap          210903

      begin raw_codes

          name DIVE
              309     712     370     657     352     130
              360     162     304     718     325     215
              285     205     316     707     303     728
              298     216     302     715     358     672
              332     205     276     215     337     199
              297     703     330     695     293     220
              298     210     360     159     355     159
              324     701     306     712     308     719
              317   96223     296     724     308     719
              306     205     302     218     302     719
              304     211     325     190     289     735
              305     777     267     210     285     711
              312     719     329     207     315     202
              302     182     298     732     304     715
              337     203     333     153     312     206
              311     202     364     652     339     680
              316     717     306

          name CLIMB
              305     713     324     701     305     205
              310     211     303     714     303     211
              359     158     310     713     307     719
              305     211     352     667     302     727
              328     207     310     180     356     158
              303     724     299     213     304     721
              302     212     303     212     335     688
              303     212     304     718     304     725
              359   96163     310     717     319     703
              299     212     357     162     331     692
              298     212     305     210     305     725
              352     665     305     212     331     686
              358     670     310     206     331     207
              277     216     298     726     358     152
              304     719     303     212     302     212
              335     687     332     185     302     719
              303     726     309

          name TAILLEFT
              303     719     302     721     383      84
              350     214     352     672     302     209
              307     209     293     699     301     721
              333     202     283     717     304     724
              361     139     317     210     303     265
              253     721     333     180     333     208
              281     715     306     212     301     723
              360     663     297     214     354     667
              365   96173     299     724     297     725
              328     209     277     218     306     716
              327     184     302     213     302     726
              295     728     326     186     309     714
              309     718     302     212     358     155
              329     209     275     728     304     209
              306     207     308     715     360     157
              306     719     304     719     354     157
              306     707     316

          name TAILRIGHT
              297     719     304     726     292     216
              298     223     298     716     313     202
              301     212     304     725     309     715
              308     208     329     691     306     745
              311     204     304     208     284     206
              301     727     306     210     304     208
              330     182     331     694     314     708
              310     715     329     694     356     161
              301   96228     314     709     332     692
              327     185     333     185     307     713
              329     187     312     201     335     692
              303     721     305     206     312     711
              340     688     303     211     333     208
              280     206     308     718     304     208
              359     156     307     209     299     724
              305     719     303     722     350     670
              300     220     300

      end raw_codes

end remote
