
# Please make this file available to others
# by sending it to <lirc@bartelmus.de>
#
# this config file was automatically generated
# using lirc-0.9.0(SerialDevice) on Thu Apr 11 17:44:43 2013
#
# contributed by 
#
# brand:                       \\rz-home\ff9315\Eigene Dateien\airSwimmerFb
# model no. of remote control: 
# devices being controlled by this remote:
#

begin remote

  name  \\rz-home\ff9315\Eigene Dateien\airSwimmerFb
  flags RAW_CODES|CONST_LENGTH
  eps            30
  aeps          100

  gap          210627

      begin raw_codes

          name DIVE
              303     715     297     724     300     159
              325     216     299     721     287     195
              301     212     277     719     305     719
              333     178     335     686     339     719
              302     211     304     208     308     205
              302     723     294     729     316     197
              300     212     306     212     301     211
              306     715     306     716     306     719
              302   96115     304     717     304     719
              304     205     311     210     307     714
              307     205     302     213     301     724
              309     714     298     213     301     721
              301     705     327     204     301     214
              302     209     306     721     300     721
              302     209     347     157     318     210
              306     206     300     724     297     723
              281     746     304

          name CLIMB
              306     716     307     716     306     179
              299     222     298     722     297     213
              275     211     279     716     303     722
              302     241     273     748     299     724
              302     215     302     210     306     209
              304     715     307     211     306     713
              309     200     307     216     306     715
              304     208     302     723     308     714
              304   96105     302     722     301     719
              301     211     306     212     302     721
              302     210     306     206     309     719
              302     719     305     207     308     714
              307     729     293     210     306     214
              291     213     302     726     306     206
              302     721     299     211     304     214
              301     721     302     210     304     722
              287     737     301

          name TAILLEFT
              296     721     301     721     299     160
              324     213     302     723     301     209
              279     201     285     712     307     716
              340     178     336     680     360     690
              315     209     308     188     314     214
              304     724     311     201     301     211
              306     717     306     209     304     719
              302     719     304     209     292     733
              292   96130     299     726     297     723
              298     213     286     231     374     650
              299     211     304     210     306     721
              302     719     302     210     306     719
              304     722     299     212     304     212
              304     205     302     725     306     207
              309     202     302     723     299     200
              316     718     304     723     299     211
              304     726     298

          name TAILRIGHT
              309     718     305     712     299     160
              324     213     302     721     300     212
              273     211     279     719     305     718
              331     184     336     682     339     719
              304     207     306     207     311     202
              287     740     306     206     308     207
              300     212     303     721     299     724
              360     663     297     723     300     216
              308   96114     309     716     307     714
              307     205     301     216     300     724
              297     213     302     212     304     724
              299     721     300     201     315     719
              304     717     303     214     345     165
              307     208     311     717     304     209
              306     205     302     213     302     724
              309     715     306     715     309     714
              297     216     308

      end raw_codes

end remote
