
# Please make this file available to others
# by sending it to <lirc@bartelmus.de>
#
# this config file was automatically generated
# using lirc-0.9.0(SerialDevice) on Thu Apr 11 17:49:55 2013
#
# contributed by 
#
# brand:                       H:\Eigene Dateien\airSwimmerFbRechteLedSendet
# model no. of remote control: 
# devices being controlled by this remote:
#

begin remote

  name  H:\Eigene Dateien\airSwimmerFbRechteLedSendet
  flags RAW_CODES
  eps            30
  aeps          100

  gap          192061

      begin raw_codes

          name DIVE
              284     732     289     736     312     234
              276     212     311     710     313     237
              264     192     279     723     298     721
              307     233     278     721     298     700
              335     230     279     234     274     239
              280     721     298     728     273     262
              274     240     279     239     273     239
              278     721     304     715     279     747
              284   96197     276     750     273     746
              307     229     278     218     296     719
              314     233     270     246     270     730
              302     721     270     262     278     717
              302     728     274     266     280     234
              273     231     284     721     311     706
              285     265     271     241     274     244
              275     236     275     723     304     717
              270     753     279

          name CLIMB
              275     743     277     749     302     239
              281     243     273     715     302     239
              281     170     294     717     301     723
              304     233     284     712     310     721
              279     252     279     240     279     235
              277     718     309     234     278     720
              309     226     287     236     279     711
              311     235     283     711     304     723
              273   96203     311     713     311     715
              274     262     278     237     287     715
              307     234     272     239     278     721
              311     711     279     220     310     724
              305     723     283     256     283     238
              272     236     277     721     315     234
              263     724     304     239     278     237
              276     721     300     240     274     721
              302     722     283

          name TAILLEFT
              272     751     276     746     306     232
              282     236     285     711     309     235
              261     276     247     698     309     704
              317     232     282     715     307     722
              270     248     280     236     280     234
              280     741     304     232     283     228
              284     712     312     233     267     729
              309     712     286     254     284     719
              302   96185     272     744     277     746
              277     264     279     243     275     721
              302     232     282     236     281     715
              307     739     285     232     284     715
              304     721     300     238     276     239
              281     230     282     719     304     234
              282     234     282     716     823     717
              286     737     262     274     284     717
              304

          name TAILRIGHT
              301     719     271     756     301     236
              276     217     302     721     300     236
              279     238     249     719     309     715
              277     268     272     721     307     719
              280     259     276     238     278     238
              277     719     302     238     278     240
              275     236     280     717     310     712
              279     718     301     749     276     266
              281   96174     301     722     299     726
              307     230     263     232     298     723
              308     230     257     258     280     723
              298     723     280     259     280     718
              300     727     279     261     283     230
              338     173     277     721     311     220
              285     239     281     241     273     726
              294     723     268     753     284     769
              250     264     286

          name TAILLEFT
              283     744     276     744     280     258
              270     220     302     716     306     232
              259     232     267     722     411     617
              309     228     276     716     308     726
              309     228     275     238     272     253
              263     722     308     237     276     235
              277     716     314     207     303     720
              302     720     270     273     279     717
              302   96198     315     695     324     715
              281     258     274     220     304     721
              302     233     272     243     274     726
              307     715     278     261     274     728
              290     734     273     263     284     232
              279     232     274     726     306     232
              284     230     276     726     296     216
              315     714     382     632     281     257
              278     726     302

      end raw_codes

end remote
