
# Please make this file available to others
# by sending it to <lirc@bartelmus.de>
#
# this config file was automatically generated
# using lirc-0.9.0(SerialDevice) on Thu Apr 11 17:59:15 2013
#
# contributed by 
#
# brand:                       \\rz-home\ff9315\Desktop\FbRightSend
# model no. of remote control: 
# devices being controlled by this remote:
#

begin remote

  name  \\rz-home\ff9315\Desktop\FbRightSend
  flags RAW_CODES|CONST_LENGTH
  eps            30
  aeps          100

  gap          211090

      begin raw_codes

          name DIVE
              278     744     277     746     277     263
              250     219     299     723     300     265
              279     190     265     722     281     744
              280     258     278     723     308     719
              273     265     279     236     264     249
              283     719     302     724     280     258
              277     243     273     214     302     241
              274     713     310     721     280     748
              274   96348     263     755     278     746
              278     261     254     267     249     746
              277     263     282     231     284     719
              272     751     272     268     274     726
              300     728     275     263     258     258
              284     229     275     732     300     719
              273     268     279     234     282     212
              303     237     279     721     302     721
              274     754     274

          name CLIMB
              279     746     277     746     276     265
              281     200     289     745     302     218
              300     211     243     721     300     723
              281     262     273     724     279     749
              273     268     251     262     281     234
              281     724     268     268     279     719
              272     271     274     216     300     726
              380     132     301     724     279     748
              279   96295     316     755     274     753
              276     263     244     264     263     760
              263     261     284     245     258     744
              259     753     270     266     295     703
              274     758     275     330     205     258
              259     234     282     709     323     232
              284     714     305     235     284     210
              302     720     276     267     276     721
              271     757     275

          name TAILLEFT
              267     804     213     752     272     272
              250     233     281     751     314     231
              280     208     269     726     304     719
              303     235     276     725     282     747
              275     258     254     266     282     233
              282     721     266     267     287     233
              278     720     270     249     299     722
              280     744     276     261     277     725
              276   96347     271     752     272     751
              276     266     247     240     275     748
              287     260     275     235     281     726
              272     748     277     265     278     717
              277     756     277     261     249     310
              229     238     282     721     277     262
              276     240     272     725     283     237
              304     715     278     752     271     264
              286     724     277

          name TAILRIGHT
              275     749     272     751     272     266
              253     217     295     753     279     258
              258     254     215     728     280     745
              278     261     283     716     307     723
              308     229     276     241     274     236
              282     721     310     230     275     238
              281     233     279     721     286     724
              296     746     274     749     274     246
              270   96350     279     744     279     746
              277     261     285     208     306     804
              223     230     281     234     281     723
              300     724     276     261     274     729
              274     750     273     265     250     264
              280     232     284     721     272     266
              279     236     279     234     282     721
              301     723     279     744     277     748
              274     241     273

      end raw_codes

end remote
